~
~!
~!@
!@
!@#
000
0000
123
1234
12345
123456
654321
666
666666
666888
888
8888
888888
abc
ABC
Abc
ABCD
Abcd
abcd
qwe
QWE
Qwe
qwer
QWER
Qwer
01
02
03
04
05
06
07
08
09
0123
10010
10086
110
111
119
120
123123
123321
123qwe
123QWE
1314
1314520
1314521
1357
1q2w3e
1Q2W3E
1q2w3e4r
2000
2001
2002
2003
2004
2005
2006
2007
2008
2009
2010
2011
2012
2013
201314
2014
2015
2016
2017
2018
2019
222
233
2233
2323
232323
2333
246
2468
24680
258
3
321
333
360
369
4
4321
444
4444
456
5
520
5201314
521
5211314
54321
543210
555
6
654
6666
68
6868
7
753
7777
7788
789
8
88888888
82465
8246
9
911
951
987
996
999
asd
ASD
Asd
asdf
ASDF
Asdf
q1w2e3
Q1W2E3
qwe123
QWE123
qwert
QWERT
Qwert
